0.0 0.0 0.0
0.1 29.330755923866807 -0.0006015509490142623
0.2 -5.6770139606949215 9.201317973092649e-05
0.30000000000000004 1.8965389959458234 -7.72250411585001e-05
0.4 1.7397794458720217 -7.991056861467486e-05
0.5 1.633918467017683 -7.155522127152839e-05
0.6 1.5597761056683124 -6.88950115778573e-05
0.7 1.5059332200196403 -6.726271807517691e-05
0.7999999999999999 1.4653861143008828 -6.609220777865845e-05
0.8999999999999999 1.4338082248371176 -6.528058464541414e-05
0.9999999999999999 1.4084473415592766 -6.474017855069244e-05
1.0999999999999999 1.3875046979982688 -6.439753425218383e-05
1.2 1.3697773190590377 -6.419229025926522e-05
1.3 1.3544445586955884 -6.407501834164084e-05
1.4000000000000001 1.340936635895647 -6.400662974286064e-05
1.5000000000000002 1.3288514589924065 -6.395823492898558e-05
1.6000000000000003 1.3179007931331386 -6.391055054638444e-05
1.7000000000000004 1.3078747570872569 -6.385260900771176e-05
1.8000000000000005 1.2986180424871963 -6.377994910122396e-05
1.9000000000000006 1.2900137789235708 -6.369261234558088e-05
2.0000000000000004 1.2819724671235884 -6.359325370799756e-05
2.1000000000000005 1.274424316068106 -6.348558648156991e-05
2.2000000000000006 1.2673138911985051 -6.337327132940255e-05
2.3000000000000007 1.2605963459939893 -6.32592596764878e-05
2.400000000000001 1.2542347468494168 -6.314552841216257e-05
2.500000000000001 1.2481981581695973 -6.303310209058229e-05
2.600000000000001 1.2424602595451066 -6.292224797203346e-05
2.700000000000001 1.236998337715113 -6.281274122056028e-05
2.800000000000001 1.2317925442206374 -6.270412281398946e-05
2.9000000000000012 1.226825342663543 -6.259590269892053e-05
3.0000000000000013 1.2220810922263639 -6.248768868183488e-05
3.1000000000000014 1.2175457298553987 -6.237924338099368e-05
3.2000000000000015 1.2132065244649195 -6.22704854491729e-05
3.3000000000000016 1.209051884179074 -6.216145747320805e-05
3.4000000000000017 1.205071203004736 -6.205228241893171e-05
3.5000000000000018 1.2012547371217888 -6.19431257769395e-05
3.600000000000002 1.1975935036648595 -6.183417332933068e-05
3.700000000000002 1.1940791967843893 -6.172562717943073e-05
3.800000000000002 1.1907041171446016 -6.1617716776715e-05
3.900000000000002 1.1874611120013596 -6.151071782254899e-05
4.000000000000002 1.1843435237165199 -6.140497070791122e-05
4.100000000000001 1.1813451450846695 -6.130089101595278e-05
4.200000000000001 1.1784601802300105 -6.119896703327707e-05
4.300000000000001 1.175683210112422 -6.10997423459795e-05
4.4 1.1730091618925316 -6.100378493397108e-05
4.5 1.170433281562982 -6.0911646582521926e-05
4.6 1.1679511093730086 -6.082381828909116e-05
4.699999999999999 1.1655584576642894 -6.074068773583962e-05
4.799999999999999 1.1632513908061617 -6.066250443181225e-05
4.899999999999999 1.1610262069717305 -6.05893567433735e-05
4.999999999999998 1.15887942153833 -6.0521163085967594e-05
5.099999999999998 1.156807751927822 -6.045767769107506e-05
5.1999999999999975 1.1548081037274527 -6.0398509231403925e-05
5.299999999999997 1.152877557952104 -6.03431495665264e-05
5.399999999999997 1.1510133593245004 -6.029100875198077e-05
5.4999999999999964 1.1492129054631453 -6.0241452642460726e-05
5.599999999999996 1.147473736878457 -6.0193839521622465e-05
5.699999999999996 1.145793527686961 -6.0147553269594613e-05
5.799999999999995 1.1441700769611451 -6.010203120155076e-05
5.899999999999995 1.1426013006394913 -6.005678590196347e-05
5.999999999999995 1.1410852239272107 -6.0011420883688475e-05
6.099999999999994 1.139619974123227 -5.996564037971365e-05
6.199999999999994 1.1382037738133302 -5.9919253880455253e-05
6.299999999999994 1.136834934373589 -5.987217582899138e-05
6.399999999999993 1.1355118497311152 -5.9824420886314504e-05
6.499999999999993 1.13423299033333 -5.977609500885348e-05
6.5999999999999925 1.132996897280026 -5.972738261024495e-05
6.699999999999992 1.1318021765770983 -5.967853020359004e-05
6.799999999999992 1.1306474934762285 -5.962982710921869e-05
6.8999999999999915 1.1295315668712262 -5.958158443489914e-05
6.999999999999991 1.1284531637307667 -5.9534113600015926e-05
7.099999999999991 1.1274110935575832 -5.948770620250738e-05
7.19999999999999 1.1264042028771653 -5.9442617109053465e-05
7.29999999999999 1.1254313697739944 -5.9399052434910274e-05
7.39999999999999 1.1244914985101058 -5.935716379023708e-05
7.499999999999989 1.1235835142788237 -5.931704956615606e-05
7.599999999999989 1.122706358164701 -5.927876317155542e-05
7.699999999999989 1.1218589823985035 -5.924232742739454e-05
7.799999999999988 1.1210403460109692 -5.920775337940392e-05
7.899999999999988 1.1202494110011536 -5.917506131352155e-05
7.999999999999988 1.1194851391412803 -5.9144301263812794e-05
8.099999999999987 1.118746489540065 -5.911557027899703e-05
8.199999999999987 1.1180324170786264 -5.9089023996208466e-05
8.299999999999986 1.117341871816986 -5.906488056135409e-05
8.399999999999986 1.1166737994446563 -5.904341583258776e-05
8.499999999999986 1.1160271428163455 -5.902494964295056e-05
8.599999999999985 1.115400844574806 -5.900982400232742e-05
8.699999999999985 1.1147938508188808 -5.8998374936948615e-05
8.799999999999985 1.114205115728727 -5.8990900471534065e-05
8.899999999999984 1.11363360701418 -5.898762767742765e-05
8.999999999999984 1.1130783120100158 -5.898868198063364e-05
9.099999999999984 1.1125382442057663 -5.899406167713745e-05
9.199999999999983 1.1120124499707418 -5.900362021541675e-05
9.299999999999983 1.1115000152188812 -5.901705815675591e-05
9.399999999999983 1.1110000717549837 -5.903392579054427e-05
9.499999999999982 1.1105118030530141 -5.9053636501648255e-05
9.599999999999982 1.110034449240126 -5.9075490010661075e-05
9.699999999999982 1.1095673110933455 -5.909870386744864e-05
9.799999999999981 1.1091097528997453 -5.912245080169604e-05
9.89999999999998 1.1086612040807169 -5.9145899244778715e-05
9.99999999999998 1.108221159535304 -5.9168254008455505e-05
